0_³¯¼Ý°a_1.wav
    1     1     0     0     0
1_³¯¼Ý°a_1.wav
    1     1     0     1     0
2_³¯¼Ý°a_1.wav
    1     0     0     0     0
3_³¯¼Ý°a_1.wav
    1     1     1     1     1
4_³¯¼Ý°a_1.wav
    1     0     0     0     0
5_³¯¼Ý°a_1.wav
    1     1     0     0     0
0_³¯¼Ý°a_2.wav
    0     1     1     1     0
1_³¯¼Ý°a_2.wav
    0     1     1     1     1
2_³¯¼Ý°a_2.wav
    0     1     0     0     0
3_³¯¼Ý°a_2.wav
    1     1     1     1     1
4_³¯¼Ý°a_2.wav
    0     1     0     1     0
5_³¯¼Ý°a_2.wav
    1     1     1     1     0
0_³¯¼Ý°a_3.wav
    0     1     1     1     1
1_³¯¼Ý°a_3.wav
    0     1     1     1     0
2_³¯¼Ý°a_3.wav
    0     0     1     1     0
3_³¯¼Ý°a_3.wav
    0     1     1     1     1
4_³¯¼Ý°a_3.wav
    0     1     1     0     0
5_³¯¼Ý°a_3.wav
    1     1     1     1     0
0_³¯¼Ý°a_4.wav
    0     1     1     1     1
1_³¯¼Ý°a_4.wav
    0     1     1     1     0
2_³¯¼Ý°a_4.wav
    0     0     0     1     0
3_³¯¼Ý°a_4.wav
    1     1     1     1     1
4_³¯¼Ý°a_4.wav
    0     1     0     1     0
5_³¯¼Ý°a_4.wav
    1     0     0     1     1
0_³¯¼Ý°a_5.wav
    0     1     1     1     1
1_³¯¼Ý°a_5.wav
    0     1     1     1     1
2_³¯¼Ý°a_5.wav
    0     0     0     0     1
3_³¯¼Ý°a_5.wav
    0     0     0     0     1
4_³¯¼Ý°a_5.wav
    0     0     0     0     1
5_³¯¼Ý°a_5.wav
    1     1     0     1     1
