0_¶À­õ«C_0.wav
    1     0     1     1     0
0_¶À­õ«C_1.wav
    1     0     1     0     1
0_¶À­õ«C_2.wav
    1     1     0     0     0
0_¶À­õ«C_3.wav
    1     1     0     1     0
0_¶À­õ«C_4.wav
    1     0     1     0     1
0_¶À­õ«C_5.wav
    1     0     0     1     0
1_¶À­õ«C_0.wav
    0     1     0     0     0
1_¶À­õ«C_1.wav
    0     1     1     0     1
1_¶À­õ«C_2.wav
    1     1     0     0     0
1_¶À­õ«C_3.wav
    0     1     0     0     0
1_¶À­õ«C_4.wav
    0     1     1     0     1
1_¶À­õ«C_5.wav
    0     1     0     0     0
2_¶À­õ«C_0.wav
    0     0     1     0     0
2_¶À­õ«C_1.wav
    0     1     1     1     0
2_¶À­õ«C_2.wav
    1     1     1     0     0
2_¶À­õ«C_3.wav
    0     0     1     0     0
2_¶À­õ«C_4.wav
    1     1     1     1     0
2_¶À­õ«C_5.wav
    0     0     1     0     1
3_¶À­õ«C_0.wav
    0     0     0     1     0
3_¶À­õ«C_1.wav
    0     0     1     1     1
3_¶À­õ«C_2.wav
    0     1     0     1     0
3_¶À­õ«C_3.wav
    0     0     0     1     0
3_¶À­õ«C_4.wav
    0     0     1     1     1
3_¶À­õ«C_5.wav
    0     0     0     1     0
4_¶À­õ«C_0.wav
    0     0     0     0     1
4_¶À­õ«C_1.wav
    0     1     0     1     1
4_¶À­õ«C_2.wav
    1     1     1     0     1
4_¶À­õ«C_3.wav
    0     0     0     0     1
4_¶À­õ«C_4.wav
    1     1     1     1     1
4_¶À­õ«C_5.wav
    0     0     0     0     1
