0_켲㎑や_1.wav
    1     1     1     1     1
1_켲㎑や_1.wav
    1     1     1     1     0
2_켲㎑や_1.wav
    1     0     0     1     0
3_켲㎑や_1.wav
    1     1     1     0     1
4_켲㎑や_1.wav
    1     1     1     0     1
5_켲㎑や_1.wav
    1     0     0     1     1
0_켲㎑や_2.wav
    1     1     1     1     1
1_켲㎑や_2.wav
    1     1     1     1     0
2_켲㎑や_2.wav
    0     1     1     0     1
3_켲㎑や_2.wav
    1     1     1     0     1
4_켲㎑や_2.wav
    1     1     1     0     1
5_켲㎑や_2.wav
    0     1     1     0     1
0_켲㎑や_3.wav
    1     1     1     1     1
1_켲㎑や_3.wav
    1     1     1     1     1
2_켲㎑や_3.wav
    0     1     1     0     1
3_켲㎑や_3.wav
    1     1     1     0     1
4_켲㎑や_3.wav
    1     1     1     0     1
5_켲㎑や_3.wav
    0     1     1     1     1
0_켲㎑や_4.wav
    1     1     1     1     0
1_켲㎑や_4.wav
    0     0     0     1     1
2_켲㎑や_4.wav
    1     0     0     1     0
3_켲㎑や_4.wav
    0     0     0     1     0
4_켲㎑や_4.wav
    0     0     0     1     0
5_켲㎑や_4.wav
    1     1     1     1     1
0_켲㎑や_5.wav
    1     1     1     1     1
1_켲㎑や_5.wav
    0     0     0     1     1
2_켲㎑や_5.wav
    0     1     1     0     1
3_켲㎑や_5.wav
    1     1     1     0     1
4_켲㎑や_5.wav
    1     1     1     0     1
5_켲㎑や_5.wav
    0     1     1     0     1
