0_¤ýµ¤·×_0.wav
    1     1     1     0     0
0_¤ýµ¤·×_1.wav
    1     0     1     0     1
0_¤ýµ¤·×_2.wav
    1     1     1     1     1
0_¤ýµ¤·×_3.wav
    1     1     1     0     0
0_¤ýµ¤·×_4.wav
    1     0     0     1     0
0_¤ýµ¤·×_5.wav
    1     1     0     0     0
1_¤ýµ¤·×_0.wav
    0     1     1     0     0
1_¤ýµ¤·×_1.wav
    0     1     0     1     1
1_¤ýµ¤·×_2.wav
    0     1     1     1     1
1_¤ýµ¤·×_3.wav
    1     1     1     0     1
1_¤ýµ¤·×_4.wav
    1     1     1     1     0
1_¤ýµ¤·×_5.wav
    0     1     1     0     0
2_¤ýµ¤·×_0.wav
    1     1     1     1     1
2_¤ýµ¤·×_1.wav
    0     0     1     1     1
2_¤ýµ¤·×_2.wav
    0     0     1     1     1
2_¤ýµ¤·×_3.wav
    1     1     1     1     1
2_¤ýµ¤·×_4.wav
    1     1     1     0     1
2_¤ýµ¤·×_5.wav
    0     1     1     1     0
3_¤ýµ¤·×_0.wav
    0     1     1     1     1
3_¤ýµ¤·×_1.wav
    0     0     1     1     1
3_¤ýµ¤·×_2.wav
    0     0     1     1     0
3_¤ýµ¤·×_3.wav
    0     0     1     1     0
3_¤ýµ¤·×_4.wav
    1     1     1     1     0
3_¤ýµ¤·×_5.wav
    0     1     1     1     0
4_¤ýµ¤·×_0.wav
    0     0     1     1     1
4_¤ýµ¤·×_1.wav
    1     1     0     1     1
4_¤ýµ¤·×_2.wav
    1     1     1     1     1
4_¤ýµ¤·×_3.wav
    0     1     1     0     1
4_¤ýµ¤·×_4.wav
    0     0     1     0     1
4_¤ýµ¤·×_5.wav
    0     1     0     1     1
