0_¦¶¤h»Í_1.wav
    1     1     1     1     1
1_¦¶¤h»Í_1.wav
    1     0     0     1     0
2_¦¶¤h»Í_1.wav
    1     0     1     0     0
3_¦¶¤h»Í_1.wav
    1     1     1     1     1
4_¦¶¤h»Í_1.wav
    1     0     0     0     0
5_¦¶¤h»Í_1.wav
    1     1     1     1     1
0_¦¶¤h»Í_2.wav
    1     1     1     1     1
1_¦¶¤h»Í_2.wav
    0     1     0     1     0
2_¦¶¤h»Í_2.wav
    0     1     0     0     0
3_¦¶¤h»Í_2.wav
    1     1     1     1     1
4_¦¶¤h»Í_2.wav
    1     1     0     1     0
5_¦¶¤h»Í_2.wav
    1     1     1     1     1
0_¦¶¤h»Í_3.wav
    1     0     1     1     1
1_¦¶¤h»Í_3.wav
    1     1     1     1     0
2_¦¶¤h»Í_3.wav
    1     0     1     1     0
3_¦¶¤h»Í_3.wav
    1     1     1     1     1
4_¦¶¤h»Í_3.wav
    0     0     1     0     0
5_¦¶¤h»Í_3.wav
    1     1     1     1     1
0_¦¶¤h»Í_4.wav
    1     0     1     1     0
1_¦¶¤h»Í_4.wav
    1     1     0     1     0
2_¦¶¤h»Í_4.wav
    1     0     1     1     1
3_¦¶¤h»Í_4.wav
    1     1     1     1     1
4_¦¶¤h»Í_4.wav
    1     1     0     1     0
5_¦¶¤h»Í_4.wav
    1     1     1     1     1
0_¦¶¤h»Í_5.wav
    1     0     1     1     1
1_¦¶¤h»Í_5.wav
    0     0     0     1     1
2_¦¶¤h»Í_5.wav
    1     1     1     1     1
3_¦¶¤h»Í_5.wav
    1     1     1     1     1
4_¦¶¤h»Í_5.wav
    1     0     0     1     1
5_¦¶¤h»Í_5.wav
    0     1     1     0     1
