0_黃喆青_0.wav
    1     0     1     1     0
0_黃喆青_1.wav
    1     0     1     0     1
0_黃喆青_2.wav
    1     1     0     0     0
0_黃喆青_3.wav
    1     1     0     1     0
0_黃喆青_4.wav
    1     0     1     0     1
0_黃喆青_5.wav
    1     0     0     1     0
1_黃喆青_0.wav
    0     1     0     0     0
1_黃喆青_1.wav
    0     1     1     0     1
1_黃喆青_2.wav
    1     1     0     0     0
1_黃喆青_3.wav
    0     1     0     0     0
1_黃喆青_4.wav
    0     1     1     0     1
1_黃喆青_5.wav
    0     1     0     0     0
2_黃喆青_0.wav
    0     0     1     0     0
2_黃喆青_1.wav
    0     1     1     1     0
2_黃喆青_2.wav
    1     1     1     0     0
2_黃喆青_3.wav
    0     0     1     0     0
2_黃喆青_4.wav
    1     1     1     1     0
2_黃喆青_5.wav
    0     0     1     0     1
3_黃喆青_0.wav
    0     0     0     1     0
3_黃喆青_1.wav
    0     0     1     1     1
3_黃喆青_2.wav
    0     1     0     1     0
3_黃喆青_3.wav
    0     0     0     1     0
3_黃喆青_4.wav
    0     0     1     1     1
3_黃喆青_5.wav
    0     0     0     1     0
4_黃喆青_0.wav
    0     0     0     0     1
4_黃喆青_1.wav
    0     1     0     1     1
4_黃喆青_2.wav
    1     1     1     0     1
4_黃喆青_3.wav
    0     0     0     0     1
4_黃喆青_4.wav
    1     1     1     1     1
4_黃喆青_5.wav
    0     0     0     0     1
