0_王竣煌_0.wav
    1     1     1     0     0
0_王竣煌_1.wav
    1     0     1     0     1
0_王竣煌_2.wav
    1     1     1     1     1
0_王竣煌_3.wav
    1     1     1     0     0
0_王竣煌_4.wav
    1     0     0     1     0
0_王竣煌_5.wav
    1     1     0     0     0
1_王竣煌_0.wav
    0     1     1     0     0
1_王竣煌_1.wav
    0     1     0     1     1
1_王竣煌_2.wav
    0     1     1     1     1
1_王竣煌_3.wav
    1     1     1     0     1
1_王竣煌_4.wav
    1     1     1     1     0
1_王竣煌_5.wav
    0     1     1     0     0
2_王竣煌_0.wav
    1     1     1     1     1
2_王竣煌_1.wav
    0     0     1     1     1
2_王竣煌_2.wav
    0     0     1     1     1
2_王竣煌_3.wav
    1     1     1     1     1
2_王竣煌_4.wav
    1     1     1     0     1
2_王竣煌_5.wav
    0     1     1     1     0
3_王竣煌_0.wav
    0     1     1     1     1
3_王竣煌_1.wav
    0     0     1     1     1
3_王竣煌_2.wav
    0     0     1     1     0
3_王竣煌_3.wav
    0     0     1     1     0
3_王竣煌_4.wav
    1     1     1     1     0
3_王竣煌_5.wav
    0     1     1     1     0
4_王竣煌_0.wav
    0     0     1     1     1
4_王竣煌_1.wav
    1     1     0     1     1
4_王竣煌_2.wav
    1     1     1     1     1
4_王竣煌_3.wav
    0     1     1     0     1
4_王竣煌_4.wav
    0     0     1     0     1
4_王竣煌_5.wav
    0     1     0     1     1
