0_陳毅軒_1.wav
    1     1     0     0     0
1_陳毅軒_1.wav
    1     1     0     1     0
2_陳毅軒_1.wav
    1     0     0     0     0
3_陳毅軒_1.wav
    1     1     1     1     1
4_陳毅軒_1.wav
    1     0     0     0     0
5_陳毅軒_1.wav
    1     1     0     0     0
0_陳毅軒_2.wav
    0     1     1     1     0
1_陳毅軒_2.wav
    0     1     1     1     1
2_陳毅軒_2.wav
    0     1     0     0     0
3_陳毅軒_2.wav
    1     1     1     1     1
4_陳毅軒_2.wav
    0     1     0     1     0
5_陳毅軒_2.wav
    1     1     1     1     0
0_陳毅軒_3.wav
    0     1     1     1     1
1_陳毅軒_3.wav
    0     1     1     1     0
2_陳毅軒_3.wav
    0     0     1     1     0
3_陳毅軒_3.wav
    0     1     1     1     1
4_陳毅軒_3.wav
    0     1     1     0     0
5_陳毅軒_3.wav
    1     1     1     1     0
0_陳毅軒_4.wav
    0     1     1     1     1
1_陳毅軒_4.wav
    0     1     1     1     0
2_陳毅軒_4.wav
    0     0     0     1     0
3_陳毅軒_4.wav
    1     1     1     1     1
4_陳毅軒_4.wav
    0     1     0     1     0
5_陳毅軒_4.wav
    1     0     0     1     1
0_陳毅軒_5.wav
    0     1     1     1     1
1_陳毅軒_5.wav
    0     1     1     1     1
2_陳毅軒_5.wav
    0     0     0     0     1
3_陳毅軒_5.wav
    0     0     0     0     1
4_陳毅軒_5.wav
    0     0     0     0     1
5_陳毅軒_5.wav
    1     1     0     1     1
