0_張忱芯_1.wav
    1     1     1     1     1
1_張忱芯_1.wav
    1     1     1     1     0
2_張忱芯_1.wav
    1     0     0     1     0
3_張忱芯_1.wav
    1     1     1     0     1
4_張忱芯_1.wav
    1     1     1     0     1
5_張忱芯_1.wav
    1     0     0     1     1
0_張忱芯_2.wav
    1     1     1     1     1
1_張忱芯_2.wav
    1     1     1     1     0
2_張忱芯_2.wav
    0     1     1     0     1
3_張忱芯_2.wav
    1     1     1     0     1
4_張忱芯_2.wav
    1     1     1     0     1
5_張忱芯_2.wav
    0     1     1     0     1
0_張忱芯_3.wav
    1     1     1     1     1
1_張忱芯_3.wav
    1     1     1     1     1
2_張忱芯_3.wav
    0     1     1     0     1
3_張忱芯_3.wav
    1     1     1     0     1
4_張忱芯_3.wav
    1     1     1     0     1
5_張忱芯_3.wav
    0     1     1     1     1
0_張忱芯_4.wav
    1     1     1     1     0
1_張忱芯_4.wav
    0     0     0     1     1
2_張忱芯_4.wav
    1     0     0     1     0
3_張忱芯_4.wav
    0     0     0     1     0
4_張忱芯_4.wav
    0     0     0     1     0
5_張忱芯_4.wav
    1     1     1     1     1
0_張忱芯_5.wav
    1     1     1     1     1
1_張忱芯_5.wav
    0     0     0     1     1
2_張忱芯_5.wav
    0     1     1     0     1
3_張忱芯_5.wav
    1     1     1     0     1
4_張忱芯_5.wav
    1     1     1     0     1
5_張忱芯_5.wav
    0     1     1     0     1
