0_朱士銓_1.wav
    1     1     1     1     1
1_朱士銓_1.wav
    1     0     0     1     0
2_朱士銓_1.wav
    1     0     1     0     0
3_朱士銓_1.wav
    1     1     1     1     1
4_朱士銓_1.wav
    1     0     0     0     0
5_朱士銓_1.wav
    1     1     1     1     1
0_朱士銓_2.wav
    1     1     1     1     1
1_朱士銓_2.wav
    0     1     0     1     0
2_朱士銓_2.wav
    0     1     0     0     0
3_朱士銓_2.wav
    1     1     1     1     1
4_朱士銓_2.wav
    1     1     0     1     0
5_朱士銓_2.wav
    1     1     1     1     1
0_朱士銓_3.wav
    1     0     1     1     1
1_朱士銓_3.wav
    1     1     1     1     0
2_朱士銓_3.wav
    1     0     1     1     0
3_朱士銓_3.wav
    1     1     1     1     1
4_朱士銓_3.wav
    0     0     1     0     0
5_朱士銓_3.wav
    1     1     1     1     1
0_朱士銓_4.wav
    1     0     1     1     0
1_朱士銓_4.wav
    1     1     0     1     0
2_朱士銓_4.wav
    1     0     1     1     1
3_朱士銓_4.wav
    1     1     1     1     1
4_朱士銓_4.wav
    1     1     0     1     0
5_朱士銓_4.wav
    1     1     1     1     1
0_朱士銓_5.wav
    1     0     1     1     1
1_朱士銓_5.wav
    0     0     0     1     1
2_朱士銓_5.wav
    1     1     1     1     1
3_朱士銓_5.wav
    1     1     1     1     1
4_朱士銓_5.wav
    1     0     0     1     1
5_朱士銓_5.wav
    0     1     1     0     1
