0_鄭皓澤_1.wav
    1     0     0     0     1
1_鄭皓澤_1.wav
    1     1     0     1     1
2_鄭皓澤_1.wav
    1     0     0     0     0
3_鄭皓澤_1.wav
    1     1     1     1     0
4_鄭皓澤_1.wav
    1     1     0     0     0
5_鄭皓澤_1.wav
    1     1     1     1     1
0_鄭皓澤_2.wav
    1     1     0     0     0
1_鄭皓澤_2.wav
    1     1     0     1     1
2_鄭皓澤_2.wav
    0     1     0     0     0
3_鄭皓澤_2.wav
    0     1     1     1     1
4_鄭皓澤_2.wav
    0     1     1     1     0
5_鄭皓澤_2.wav
    1     1     1     1     1
0_鄭皓澤_3.wav
    0     0     1     1     1
1_鄭皓澤_3.wav
    0     0     1     0     1
2_鄭皓澤_3.wav
    1     0     1     1     1
3_鄭皓澤_3.wav
    1     1     1     1     1
4_鄭皓澤_3.wav
    1     1     1     1     1
5_鄭皓澤_3.wav
    0     0     1     1     0
0_鄭皓澤_4.wav
    0     0     0     1     1
1_鄭皓澤_4.wav
    1     1     0     1     1
2_鄭皓澤_4.wav
    0     0     0     1     1
3_鄭皓澤_4.wav
    1     1     1     1     1
4_鄭皓澤_4.wav
    1     1     1     1     1
5_鄭皓澤_4.wav
    1     1     1     1     1
0_鄭皓澤_5.wav
    1     0     0     1     1
1_鄭皓澤_5.wav
    1     1     0     1     1
2_鄭皓澤_5.wav
    1     0     0     0     1
3_鄭皓澤_5.wav
    1     1     1     1     1
4_鄭皓澤_5.wav
    0     1     1     1     1
5_鄭皓澤_5.wav
    1     1     1     1     1
